9.366880550793900140e-01 4.018493749930864833e-01 3.920867914844620161e-01 4.962858677909687266e-01 4.280516942088152810e-01 6.247077953027511121e-01 7.776203295912519353e-01 5.326428993043149651e-01 9.760478431552295220e-01 4.929583200259559650e-01
6.413412200630762561e-01 6.721491333958460324e-01 2.633750851818508210e-01 6.461343310493600223e-01 4.719396326469293967e-02 9.126624035088617415e-01 9.187263074395922713e-01 9.275911412918144139e-01 4.492885227614201726e-01 2.244964702710703364e-01
4.563249194543361753e-02 5.253230296143407418e-02 3.253598511834664420e-01 8.727627544557615691e-01 9.262880379351396964e-01 8.024695191944087869e-01 2.334957520073618342e-01 7.238595909968398301e-01 2.956045036977542617e-01 2.826730961592831548e-01
4.106434263981960653e-01 1.810441614200094529e-01 7.852966191600080359e-01 7.396854018140768261e-01 8.345967861444484326e-01 3.926183150553453904e-01 7.634072743668242067e-01 6.257163190710207656e-01 4.766962037839492794e-01 7.318986945756539297e-01
1.001376426586262358e-01 3.655476024174713068e-01 4.688864682965079300e-01 1.053677031664543851e-01 3.124800784574489620e-01 9.918402542893482998e-01 2.909530544862567458e-01 9.687856134411849673e-01 6.225548394971144317e-01 9.322777369050527785e-02
9.273523495039097675e-01 5.858339521102317038e-01 8.326362824879327551e-01 5.505914346648232982e-02 4.773937602144031622e-01 9.551955813611739954e-01 2.008414181219232431e-01 5.391403897528256328e-01 5.226008171724438878e-01 9.958054726474229179e-01
6.016314569314838989e-01 2.169349741604698067e-01 1.965757917866590709e-01 7.752835043973753670e-01 9.927302093812713224e-01 4.926281487736062781e-01 7.927521095112657346e-01 3.206078331580550778e-01 4.406356849992734137e-01 8.762783648786809376e-01
6.650373927117778639e-01 2.782507931359190501e-01 7.142679626847281416e-02 1.911368587473513125e-01 4.883873558208625676e-01 4.135453223003390244e-01 9.078632266090302938e-01 1.448151853109999054e-01 9.133946766681700913e-01 2.897024272407623391e-01
1.423144810802254856e-01 8.236585204834336871e-01 8.242460679019154579e-01 3.072158019020990727e-01 9.658778651939706750e-01 9.810282562687798746e-01 7.784839236318452649e-01 6.878107418048187149e-01 6.142481432188539037e-01 3.852904768024472126e-01
7.053956632009815708e-01 8.090541445972881940e-01 9.864171214559800394e-01 5.016711688991096763e-01 1.744097520719685157e-01 1.745754043407584666e-01 8.714018163064942701e-01 7.124020035861465816e-01 3.250483824929693011e-01 8.580905950312200936e-02
